166003
166008
167001
167003
167005
167007
167009
168001
168003
168005
168007
168010
169003
169006
169008
169010
170002
170006
170009
17002
17006
17008
171004
171008
172001
172005
172008
172010
173003
173007
173009
174001
174004
174006
174009
175001
175003
175006
175009
176001
176004
176008
176010
178007
178010
179003
179007
179009
180001
180004
180007
180009
18001
18004
18006
18008
18010
181002
181004
181006
181008
181010
182003
182006
182010
183003
183008
183010
184002
184004
184006
184008
184010
185002
185005
185007
185009
186002
186004
186010
187003
187005
187007
187009
188001
188003
188005
188007
188009
189003
189005
189008
190002
190004
190007
19001
19005
19008
19010
191002
191005
191008
192001
192003
192005
192007
192009
193001
193003
193005
193007
193009
194001
194003
194006
194008
195001
195004
195006
195008
195010
196002
196004
196007
196009
197001
197003
197005
197008
197010
198002
198004
198006
198008
198010
199002
199004
199006
199008
200001
200006
200008
20002
20004
20006
20008
20010
2002
2004
2006
2008
201001
201004
201007
201009
2010
202002
202004
202006
202008
203001
203004
203006
203008
204001
204003
204005
204007
204009
205001
205003
205006
205008
205010
206002
206004
206006
206008
206010
207002
207007
207009
208001
208003
208006
208008
208010
209003
209005
209007
210001
210003
210005
210007
210009
21001
21004
21006
21008
21010
211002
211004
211009
212001
212004
212007
212009
213001
213003
213005
213007
213009
214001
214003
214006
214008
214010
215002
215005
215007
215009
216002
216005
216007
216010
217002
217005
217007
217009
218001
218003
218007
218010
219002
219004
219006
219008
219010
220002
220004
220006
220008
22001
22003
22005
22008
22010
221002
221004
221006
221008
222001
222003
222006
222008
222010
223002
223004
223007
223009
224001
224004
224006
224008
224010
225002
225004
225007
225009
226001
226004
226006
226009
227001
227003
227005
227007
227009
228001
228003
228005
228007
228009
229002
229004
229006
229010
230003
230006
230008
230010
23002
23006
23009
231001
231003
231006
231008
231010
232002
232004
232006
232008
232010
233003
233009
234001
234004
234007
234009
235001
235003
235007
235009
236001
236004
236006
236010
237002
237005
237009
238003
239001
239003
239005
239010
24003
339005
339008
339010
340002
340004
340007
34003
34006
34008
34010
341002
341005
341007
341009
342001
342003
342005
342010
343003
343006
343008
343010
344002
344005
344007
345003
345005
345008
346001
346005
346007
346009
347003
347006
347008
348001
348004
348007
348009
349001
349004
349006
349009
350002
350004
350007
35002
35004
35008
36003
36005
36008
37001
37004
37006
37008
37010
38003
38005
38007
38010
39002
39004
39006
39010
40002
40004
40006
40008
40010
4003
4005
4007
4009
41001
41003
41005
41008
41010
42002
42004
42006
42008
42010
43002
43005
43007
43009
44001
44003
44005
44008
44010
45003
45005
45007
45009
46001
46003
46007
46009
47001
47003
47005
47007
47009
48002
48004
48007
48009
49002
49004
49006
49009
50001
50003
50005
50008
5001
5003
5007
5009
51001
51004
51006
51008
52002
52004
52006
52009
53001
53003
53006
53009
54001
54003
54005
54008
54010
55002
55004
55007
56001
56004
56006
56008
57001
57004
57006
57008
58001
58003
58005
58007
58009
59001
59004
59007
60002
60004
60007
60009
6001
6003
6006
6010
61004
61007
61009
62001
62004
62006
62009
63001
63005
63008
63010
64002
64004
64006
64008
64010
65003
65006
65008
65010
66002
66004
66006
66009
67001
67004
67007
67009
68001
68003
68005
68007
68010
69002
69004
69007
69009
70001
70003
70006
70008
70010
7004
7006
7008
71002
71005
71007
71009
72001
72003
72005
72008
73001
73004
73010
74002
74004
74006
74008
74010
75003
75006
75008
75010
76002
76004
76006
100002
100004
100007
10001
10004
10007
10009
1001
1006
1009
101002
101004
101006
101009
102001
102005
102007
103001
103005
103007
103010
104002
104004
104007
104009
105002
105004
105006
105008
105010
106002
106004
106006
106009
107001
107003
107007
107009
108002
108005
108007
108009
109001
109003
109005
109007
109009
110001
110003
110005
110007
110010
11002
11004
11006
11008
11010
111003
111005
111008
111010
112003
112005
112007
112009
113001
113003
113007
113010
114003
114005
114008
114010
115002
115004
115006
115008
115010
116002
116004
116007
116009
117001
117003
117005
117007
117010
118002
118004
118007
118009
119001
119004
119006
119008
120002
120004
120006
120009
12001
12003
12005
12007
12009
121001
121003
121005
121007
122001
122003
122006
122008
122010
123003
123005
123008
124001
124003
124005
124007
124010
125002
125005
125007
125009
126003
126007
126009
127001
127003
127006
127008
127010
128002
128004
128006
128008
129001
129004
129006
129010
130002
130004
130007
130009
13001
13003
13005
13008
13010
131004
131006
131008
132001
132003
132005
132007
132009
133001
133003
133006
133009
134001
134003
134005
134009
135002
135004
135006
135010
136002
136004
136006
136008
137001
137003
137005
137007
137009
140002
140005
140008
140010
14002
14004
14006
14008
141001
141003
141005
141008
141010
142002
142004
142006
142008
143001
143003
143005
143007
143009
144001
144004
144006
144009
145001
145003
145005
145007
145010
146002
146004
146006
146008
146010
147003
147005
147007
147009
148001
148003
148005
148007
148010
149002
149004
149007
149009
150002
150004
150006
150008
150010
15002
15004
15006
15008
15010
151002
151004
151006
151008
151010
152002
152007
152009
153001
153003
153005
153010
154002
154004
154006
154008
155001
155003
155005
155007
156001
156006
156009
157002
157004
157006
157008
157010
158003
158006
158008
158010
159002
159004
159006
159008
159010
160003
160005
160007
160010
16002
16004
16007
16009
161001
161004
161006
161008
161010
162002
162004
162007
162009
163002
163004
163006
163010
164003
164005
164007
164010
165003
165005
165007
165009
166001
166005
166007
166009
167002
167004
167006
167008
167010
168002
168004
168006
168008
169001
169004
169007
169009
170001
170003
170007
170010
171002
171006
172003
174003
174005
174007
174010
175002
175004
175007
176003
176006
176009
178002
178008
183007
183009
184001
184003
184005
184007
184009
185001
185003
185006
185008
186001
186003
186006
186009
187002
187004
187006
187008
187010
188002
188004
188006
188008
189001
190009
200009
20003
20005
20007
20009
2001
2003
2005
201008
201010
206001
206003
285001
285004
285006
285008
286001
286003
286005
286007
286010
287003
287005
287007
287009
288001
288004
288006
288008
288010
289002
289004
289006
289008
290001
290003
290006
290010
29002
29004
29006
29008
291001
291003
291005
291007
291009
292001
292003
292005
292007
292009
293001
293004
293006
293008
293010
294002
294006
294008
294010
295005
295007
295009
296001
296004
296006
296008
297001
297005
297008
297010
298004
298006
298010
299002
299005
299008
299010
300002
300005
300007
300010
30003
30006
30009
3001
3005
3008
301002
301004
301006
301009
302001
302003
302006
302008
303001
303003
303005
303008
303010
304002
304004
304006
304008
305001
305003
305005
305007
306001
306003
306006
306008
307001
307003
307006
307008
308001
308004
308008
308010
309003
309006
309009
310001
310003
310005
310007
310009
31002
31004
31007
31009
311001
311004
311006
311008
311010
312002
312004
312008
312010
313002
313005
313007
313010
314002
314007
314010
315002
315004
315006
315008
315010
316002
316004
316010
317004
317006
317008
317010
318002
318004
318006
318009
319001
319003
319005
319008
320001
320003
320005
320007
320009
32001
32003
32007
32009
321002
321005
321007
321009
322003
322006
322008
323002
323004
323006
323008
323010
325002
325004
325007
326001
326003
326009
327001
327003
327005
327007
327009
328001
328003
328007
328009
329002
329004
329006
329009
330001
330004
330006
330008
330010
33003
33005
33007
33009
331002
331004
331008
332002
332004
332006
332008
332010
333003
333007
333009
334001
334007
334009
335003
335005
335007
335010
336002
336004
336006
336008
336010
337004
337006
337008
337010
338002
338004
338006
338009
339001
339003
339007
339009
340001
340003
340005
34001
345001
345004
345007
345010
346002
37003
37005
37007
37009
38002
38004
38006
38008
39001
39003
39005
39007
41004
41006
49008
49010
50010
51007
52003
52005
53005
53010
54002
54007
58004
58010
182005
182009
203009
216006
216008
217001
217003
217006
217008
217010
218002
218004
218009
219001
219003
219005
219007
219009
220001
220003
220005
220007
220009
22002
22004
22006
22009
221001
221003
221005
221007
222005
222007
222009
223001
223003
223005
223008
223010
224002
224005
224007
224009
225001
225003
225006
225008
225010
226003
226005
226008
226010
227002
227004
227006
227008
227010
228002
229008
230002
230004
230007
230009
231002
231009
232001
233005
233010
234003
234008
336005
340006
340008
34002
34005
34007
34009
341010
342008
343002
343005
343007
343009
344001
344004
344006
344010
346003
346006
346008
347002
347005
347007
347009
348003
348005
348008
348010
349003
349005
349008
350001
350003
350006
350008
35003
35006
36002
36004
36007
36009
40007
40009
4001
4004
4006
4008
4010
41002
41007
41009
42001
42003
42005
46005
46008
46010
47002
47004
47006
47008
48001
48003
48006
48008
49001
49003
49005
50002
50004
50006
5002
5004
5008
5010
51003
51005
52001
52008
52010
53002
53007
54004
54009
55001
55003
55005
55008
56003
56005
56007
56009
57002
57005
57007
57009
58002
58006
58008
59002
59005
59010
60003
60006
60008
60010
6002
6004
6009
61002
61005
61008
61010
62003
62005
62007
62010
63003
63006
63009
64001
64003
64005
65002
65004
65007
65009
66001
66003
66005
66008
66010
67003
69001
69003
69005
69008
69010
70002
70004
7002
107006
107008
108001
108004
108006
108008
108010
109002
109004
109006
109008
109010
110002
110004
110006
110008
11001
11003
11005
11007
11009
111001
111004
111006
111009
112001
112004
112006
112008
112010
113002
113004
113008
114001
114004
114006
114009
115001
115003
115005
115007
115009
116001
116003
116005
119003
119005
119007
120001
120003
120005
120007
120010
12002
12004
12006
12008
12010
121002
121004
121006
121009
122002
122005
123001
123004
123007
123010
124002
124004
126002
126006
126008
126010
129003
129005
129008
133008
133010
134002
134004
134008
135008
136003
136005
141007
141009
142001
142003
142005
142007
142009
156004
156008
157001
157003
157005
157007
157009
158001
158004
158007
158009
159001
159003
159005
159007
159009
160002
160004
160006
160008
16001
16003
16006
16008
16010
161003
161005
161007
161009
162001
162003
162006
162008
163001
163003
163005
163009
164001
164004
164006
164009
165002
165004
165006
165008
165010
166002
166004
166006
17001
17003
179008
179010
180003
180006
180008
180010
18003
18005
18009
254004
254007
254010
255003
255005
255007
255009
256003
256005
256008
257002
257004
257007
257009
258001
258003
258005
258007
258009
259001
259004
259006
259009
260001
260004
260006
260009
26001
26003
26006
26008
26010
261003
261005
261008
262001
262003
262006
262008
262010
263002
263005
263008
263010
264002
264005
264007
264010
265003
265005
265007
265010
266002
266004
266006
266010
267003
267005
267009
268002
268006
268009
269001
269004
269009
270001
270003
270006
270009
27001
27003
27005
27007
27009
271001
271003
271006
271009
272003
272006
272008
273002
273005
274001
274004
274007
274010
275003
275006
275008
275010
276002
276005
276007
276010
277002
277004
277006
277010
278002
278004
278006
278008
279001
279003
279005
279008
280001
280003
280008
280010
28002
28005
28007
281002
281005
281007
281009
282001
282003
282006
282008
282010
283003
283005
283008
283010
284002
284005
284007
284009
285003
285005
285007
285010
286002
286004
286006
286008
287001
287004
287006
287008
287010
288003
288005
288007
288009
289001
289003
289005
289007
289010
290002
290005
290009
29001
29003
29005
29007
29010
291002
291004
291006
291008
291010
292002
292004
292006
292008
292010
293002
293009
294001
294003
295004
295006
295008
295010
296003
296005
296007
296009
297002
298003
298005
298007
299001
299003
299007
299009
300001
300003
300009
30002
30004
30008
30010
3002
3006
305009
307010
308003
308006
309002
309004
31001
31003
31005
314004
314009
315001
315003
315005
315007
315009
316001
316003
316008
317003
317005
317007
317009
318005
318007
318010
319002
319004
319006
319009
320002
320004
32010
321004
323003
323005
325009
326002
124006
124009
125001
125003
125006
125008
129009
130001
130003
130005
130008
130010
13002
13004
13007
13009
131002
131005
131007
131010
132002
132004
132006
132008
132010
133002
133005
133007
135001
135003
135005
135007
135009
136001
136007
136009
137002
137004
137006
137008
148009
149001
149003
149006
149008
150001
150003
150005
150007
150009
15001
15003
15005
15007
15009
151001
151003
151005
151007
151009
173006
173008
173010
174002
175008
175010
176002
18007
181001
181003
186008
190003
19003
19007
191009
192006
293003
293005
293007
312003
312007
312009
313001
313003
313006
313008
314001
329001
329003
329005
329007
339006
341001
342004
142010
143010
144003
147001
147004
147006
147008
147010
148002
148004
148006
148008
178009
179001
179005
181005
181007
181009
182001
183001
183005
189004
294005
294007
294009
295002
297004
297007
297009
298002
299004
299006
300004
300006
300008
30005
30007
3007
3009
301003
301005
301008
3010
302002
302004
302007
302009
303002
303004
303006
303009
304001
304003
304005
304007
304009
305002
305004
305006
305008
305010
306002
306005
306007
306010
307002
307004
307007
307009
308007
308009
309001
309005
309008
309010
310002
310004
310006
310008
310010
31006
31008
31010
311002
311005
311007
311009
312001
318001
318003
320006
320008
320010
32002
32004
32008
321006
321008
322001
322004
322007
322010
323007
323009
325001
325003
325005
326004
326010
327002
327004
327006
327008
327010
328002
328006
328008
328010
329008
329010
330002
330005
330007
330009
33001
33004
33006
33008
331001
331003
331006
331009
332003
336003
336007
336009
337002
337005
337007
337009
338001
338003
338005
338008
338010
339002
339004
341004
341006
341008
342002
39009
10008
10010
1004
1007
101001
101003
101005
101008
1010
102002
102006
102010
103003
103006
103009
104001
104003
104005
104008
105001
105003
105005
105007
105009
106001
106003
106005
106008
106010
107002
107005
122007
144005
144007
144010
145002
145004
145006
145009
146001
146003
146005
146007
146009
155006
155009
17007
17009
171007
171009
172002
172004
172007
172009
173002
190010
19009
191001
191003
192002
192004
193004
193006
193008
193010
194004
196006
197009
198001
332005
332007
332009
333002
40001
40003
40005
42007
42009
43001
43004
43006
43008
43010
44002
44004
44006
44009
45001
45004
45006
45008
45010
46002
